100536
201060
301584
402108
502632
603156
703680
804204
904728
1005252
1105776
1206300
1306824
1407348
1507872
1608396
1708920
1809444
1909968
2010492
2111016
2211540
2312064
2412588
2513112
2613636
2714160
2814684
2915208
3015732
3116256
3216780
3317304
3417828
3518352
3618876
3719400
3819924
3920448
4020972
4121496
4222020
4322544
4423068
4523592
4624116
4724640
4825164
4925688
5026212
5126736
5227260
5327784
5428308
5528832
5629356
5729880
5830404
5930928
6031452
6131976
6232500
6333024
6433548
6534072
6634596
6735120
6835644
6936168
7036692
7137216
7237740
7338264
7438788
7539312
7639836
7740360
7840884
7941408
8041932
8142456
8242980
8343504
8444028
8544552
8645076
8745600
8846124
8946648
9047172
9147696
9248220
9348744
9449268
9549792
9650316
9750840
9851364
9951888
10052412
10152936
10253460
10353984
10454508
10555032
10655556
10756080
10856604
10957128
11057652
11158176
11258700
11359224
11459748
11560272
11660796
11761320
11861844
11962368
12062892
12163416
12263940
12364464
12464988
12565512
12666036
12766560
12867084
12967608
13068132
13168656
13269180
13369704
13470228
13570752
13671276
13771800
13872324
13972848
14073372
14173896
14274420
14374944
14475468
14575992
14676516
14777040
14877564
14978088
15078612
15179136
15279660
15380184
15480708
15581232
15681756
15782280
15882804
15983328
16083852
16184376
16284900
16385424
16485948
16586472
16686996
16787520
16888044
16988568
17089092
17189616
17290140
17390664
17491188
17591712
17692236
17792760
17893284
17993808
18094332
18194856
18295380
18395904
18496428
18596952
18697476
18798000
18898524
18999048
19099572
19200096
19300620
19401144
19501668
19602192
19702716
19803240
19903764
20004288
20104812
20205336
20305860
20406384
20506908
20607432
20707956
20808480
20909004
21009528
21110052
21210576
21311100
21411624
21512148
21612672
21713196
21813720
21914244
22014768
22115292
22215816
22316340
22416864
22517388
22617912
22718436
22818960
22919484
23020008
23120532
23221056
23321580
23422104
23522628
23623152
23723676
23824200
23924724
24025248
24125772
24226296
24326820
24427344
24527868
24628392
24728916
24829440
24929964
25030488
25131012
25231536
25332060
25432584
25533108
25633632
25734156
25834680
25935204
26035728
26136252
26236776
26337300
26437824
26538348
26638872
26739396
26839920
26940444
27040968
27141492
27242016
27342540
27443064
27543588
27644112
27744636
27845160
27945684
28046208
28146732
28247256
28347780
28448304
28548828
28649352
28749876
28850400
28950924
29051448
29151972
29252496
29353020
29453544
29554068
29654592
29755116
29855640
29956164
30056688
30157212
30257736
30358260
30458784
30559308
30659832
30760356
30860880
30961404
31061928
31162452
31262976
31363500
31464024
31564548
31665072
31765596
31866120
31966644
32067168
32167692
32268216
32368740
32469264
32569788
32670312
32770836
32871360
32971884
33072408
33172932
33273456
33373980
33474504
33575028
33675552
33776076
33876600
33977124
34077648
34178172
34278696
34379220
34479744
34580268
34680792
34781316
34881840
34982364
35082888
35183412
35283936
35384460
35484984
35585508
35686032
35786556
35887080
35987604
36088128
36188652
36289176
36389700
36490224
36590748
36691272
36791796
36892320
36992844
37093368
37193892
37294416
37394940
37495464
37595988
37696512
37797036
37897560
37998084
38098608
38199132
38299656
38400180
38500704
38601228
38701752
38802276
38902800
39003324
39103848
39204372
39304896
39405420
39505944
39606468
39706992
39807516
39908040
40008564
40109088
40209612
